## RankNet
## Epochs = 100
## No. of features = 26
## No. of hidden layers = 1
## Layer 1: 10 neurons
1 2 3 4 5 6 7 8 9 10 11 12 13 14 15 16 17 18 19 20 21 22 23 24 25 26
1
10
0 0 4.287675662459646E-4 0.07436960761624152 -0.08470123456132476 0.05801960149300334 0.0036942290742917236 0.007780451285347693 0.04246052703798013 -0.07686148506918208 -0.0352248503041038 -0.07067894322539768
0 1 -0.0260005397360374 -0.03379605010460309 -0.08489570876309631 -0.06857305250477495 0.07707998061418374 0.003174085857575764 -0.03990837506849822 -0.025294287457846835 0.09987773032443618 0.08695760552229194
0 2 0.07808276933114586 -0.09615583516539443 -0.08127279090017464 -0.0833520753514711 0.05704626957770171 -0.03377803731336546 -0.09586523609496982 0.055385156132537396 -0.09819193210303799 -0.09845439276107776
0 3 0.03135891673253609 -0.013079487289675867 -0.025137875334436885 0.0356208218595553 0.08531841149970511 1.8916171882501262E-4 -0.015131870420434752 -0.011620245554066102 -0.0689208065786652 0.06460580975142637
0 4 -0.02018064328433862 0.012623060988574089 0.005172485818866139 0.05064087490552974 0.03834997141320434 -0.06367393195491158 -0.02062830984895023 0.021458436050575517 0.050337111771266485 -0.009841548839022217
0 5 -0.012579574724075724 -0.0632932867012565 0.08289372291925282 -0.05537732900004176 -0.02569698922427853 -0.06583238665966315 0.03850905923830964 0.09949212220953485 0.06849948019882314 -0.008293456393712801
0 6 -0.002045929431915283 -0.05310801789164543 -0.09855131059885025 0.0968838483095169 -0.037355273962020874 0.05483151227235794 0.03338592126965523 0.018229365348815918 0.005697590298950672 0.009255766868591309
0 7 0.05899582430720329 -0.07448889315128326 -0.05724707245826721 -0.00616946816444397 0.08247537910938263 0.05857054144144058 5.640864255838096E-4 -0.054682664573192596 0.014656406827270985 0.0156930573284626
0 8 -0.011318433028168982 -0.08526212001772963 0.07507293928357901 -0.011078513821681112 0.01832137135679901 0.029258679933198407 -0.08304177385626497 0.09072468932418724 0.09924631953231966 0.08938338244763758
0 9 0.035051819892985434 0.07695389435635244 0.02060822824933316 0.0439506032158164 0.07556358829499926 -0.09285750715155293 -0.08688050024725312 0.021634307410067704 0.02690204719230237 0.038367055112688765
0 10 0.0955668706855464 0.09210538044702325 -0.09245246916197036 -0.08180551391671789 0.05395209098165768 -0.08324372211552536 0.03380175432705406 0.03758705372066203 -0.08377299166505597 0.04898470595960362
0 11 0.0927441984752061 -0.02204585541343091 0.01705409713691839 -0.027001540419372506 0.07041308612481545 -0.06507752624456677 0.0031693335777784656 0.039880935556965945 0.04311821441180905 0.06894854448459035
0 12 0.048854112648143835 -5.586320860352674E-4 0.09731864328560164 0.059617848568254216 -0.054762525995143474 -0.04452430528355524 -0.05906723910225667 -0.07218187761460065 0.053185749849844866 -0.031323140762478587
0 13 0.00209830593923725 0.06525378166806456 0.028166425008991733 0.08498048111975166 0.0857375295782792 -0.09892279538520943 0.06149164889242687 0.04441151101818541 -0.07365733899534872 -0.09927534804725796
0 14 -0.04894905438240056 -0.018143700924348326 -7.769065582279422E-6 0.09593484346889426 0.06482149583783617 -0.09847099679400284 -0.09603556004143265 -0.026669975017577282 0.025023191636573773 0.007471494692207753
0 15 -0.005668449234759698 -0.046791066766734966 0.006685003198086425 -0.09145872021489655 0.014745952842654547 0.03972234330895589 0.08831014004830795 -0.06976263615086908 0.06813080600837727 0.09034280548763346
0 16 0.07317221842637049 -0.07773806404244461 0.06629185286295752 0.0892970231148674 -0.04201866335466095 -0.008858752688602863 0.01791797857083366 0.0035584062640812092 -0.08035430477012806 -0.07939707984767982
0 17 -0.07685545292861098 0.026225201103750824 -0.055565331841561885 0.08268709974550476 0.0010428607893926537 0.07180299874124813 -0.04419431814203667 6.065833077628375E-4 -0.06171539334945457 -0.03821206276462532
0 18 0.06897664539733242 0.06910582843288288 0.06710909624056538 -0.09537466848898861 -0.06758290299981703 -0.06869957867892236 -0.08489784414031887 -0.09358586882542262 -0.09905753810708035 -0.024982954961120064
0 19 0.02141393613697385 0.005471984964812585 0.09323354675216017 -0.0638735615197358 -0.061839168670168594 0.029386428335063844 0.05931178416836669 -0.053724509579254676 -0.08138963882694003 0.0881372545247406
0 20 9.427301724287808E-4 0.01183518117323579 -0.014790031000388547 0.04403454228627338 0.034362170921292456 -0.026241381566815887 0.011589303222186872 0.04382152461985386 0.051962971632245544 -0.05105660364464073
0 21 0.011267806612517249 0.08123406305457041 0.07448572130665637 -0.022057700781583384 -0.033672368128488075 0.02327049330109239 0.0022567454870341037 0.09323542144204845 0.04518265944776498 -0.017101886214751744
0 22 -0.09576186738064554 0.08168893138760157 -0.023223999545429492 -0.024280662430498905 0.045328213716684156 0.0472416938441138 -0.046654219444789945 0.08633027058770164 0.005489261203506571 -0.08977326754765866
0 23 0.056157140528064094 0.03768694289438513 -0.05534296224272644 0.07477146302673217 -0.023681044022672498 0.008119127247822188 0.08738689843108013 0.03215825863549234 -0.05747341819880474 -0.0738974630796663
0 24 -0.03116198312705511 0.08784708762807876 0.07003356175397343 -0.09819337170068856 -0.014463732252249733 0.09136449434416728 -0.059855718405431364 -0.016068106656368875 -0.0747759377965046 -0.016158461444927497
0 25 -0.0033912834830435983 0.08031231173775047 -0.0795412164880854 0.07509423966544287 -0.08728618895730107 0.07246596225713159 0.04972721033953904 0.002459720183597287 -0.007444670182570158 -0.032135980118256635
0 26 0.05106330695859341 0.02467355376878638 0.03652067001642684 0.09450910780049761 0.01825418267028481 -0.04320184829473536 -8.140423222793873E-4 0.024944434315586652 0.011211916899359704 -0.09992228346256761 -0.09135713243224709
1 0 0.05219479857475512
1 1 0.09773584511072358
1 2 -0.01258651405996961
1 3 -0.03014891051783767
1 4 0.003030276918302191
1 5 -0.0020220299763901556
1 6 0.09644808395851748
1 7 -0.023046360399971096
1 8 -0.012463630291088282
1 9 -0.04604399649853001
